---------
Parameters: WN el-lr-ll-srfr-trfr 5
Q = 0.608733
---
Number of elements: 125
Number of lists: 12

20: 51 52 53 54 55 61 62 63 64 65 66 67 68 69 70 71 72 73 74 75
20: 101 102 103 104 105 106 107 108 109 110 111 112 113 114 115 121 122 123 124 125
20: 76 77 78 79 80 86 87 88 89 90 91 92 93 94 95 96 97 98 99 100
20: 26 27 28 29 30 31 32 33 34 35 36 37 38 39 40 46 47 48 49 50
10: 1 2 3 4 5 21 22 23 24 25
5: 11 12 13 14 15
5: 16 17 18 19 20
5: 56 57 58 59 60
5: 116 117 118 119 120
5: 6 7 8 9 10
5: 41 42 43 44 45
5: 81 82 83 84 85
